# name: fitnesses
# type: matrix
# rows: 7
# columns: 20
 103777 103777 103777 103777 103777 103824 103777 103824 103824 103777 103777 103777 103824 103777 103777 103824 103777 103777 103824 103777
 103824 103777 103777 103777 103777 103824 103777 103777 103777 103777 103777 103824 103777 103777 103777 103777 103777 103777 103824 103777
 103777 103777 103777 103777 103777 103777 103777 103777 103777 103777 103777 103777 103777 103824 103777 103777 103777 103777 103777 103777
 103824 103777 103777 103777 103824 103777 103777 103777 103824 103777 103777 103777 103777 103777 103777 103777 103777 103824 103777 103777
 103777 103777 103777 103777 103777 103777 103777 103777 103777 103777 103777 103777 103777 103777 103777 103777 103777 103777 103777 103777
 103777 103777 103777 103777 103777 103777 103777 103777 103777 103777 103777 103777 103777 103777 103777 103777 103777 103777 103777 103777
 103824 103777 103777 103824 103824 103777 103777 103824 103777 103777 103777 103777 103777 103777 103777 103777 103777 103777 103777 103777
