# name: fitnesses
# type: matrix
# rows: 7
# columns: 20
 125 123 121 123 125 121 124 126 123 122 125 125 125 124 124 119 124 125 122 122
 128 128 128 126 128 128 128 128 128 128 128 128 128 128 128 128 128 128 128 128
 128 128 128 128 128 128 128 128 128 128 128 128 128 128 128 128 128 128 128 128
 128 128 128 128 128 128 128 128 128 128 128 128 128 128 128 128 128 128 128 128
 128 128 128 128 128 128 128 128 128 128 128 128 128 128 128 128 128 128 128 128
 128 128 128 128 128 128 128 128 128 112 128 128 128 128 128 128 128 115 128 128
 128 128 128 128 128 128 128 128 128 128 128 128 128 128 128 128 128 128 128 128
