# name: fitnesses
# type: matrix
# rows: 7
# columns: 20
 19.2811520000000 18.9217280000000 19.6405760000000 19.2811520000000 19.6405760000000 18.9217280000000 18.9217280000000 20 19.2811520000000 19.6405760000000 19.0009600000000 19.6405760000000 19.2811520000000 18.9217280000000 19.6405760000000 18.9217280000000 19.6405760000000 19.6405760000000 19.0009600000000 18.6415360000000
 20 20 20 20 20 20 20 20 19.6405760000000 20 20 19.6405760000000 20 19.6405760000000 20 20 20 20 20 20
 20 20 20 20 20 20 20 20 20 20 20 20 20 20 20 20 20 20 20 20
 20 20 20 20 20 20 20 20 20 20 20 20 20 20 20 20 20 20 20 20
 20 20 20 20 20 20 20 20 20 20 20 20 20 20 20 20 20 20 20 20
 20 20 20 20 20 20 20 20 20 20 20 20 20 20 20 20 20 20 20 20
 20 20 20 20 20 20 20 20 20 20 20 20 20 20 20 20 20 20 20 20
