# name: fitnesses
# type: matrix
# rows: 7
# columns: 20
 20 20 19.6405760000000 19.6405760000000 19.2811520000000 20 20 20 19.2811520000000 20 19.6405760000000 20 20 20 20 19.2811520000000 19.6405760000000 19.6405760000000 20 20
 20 20 20 20 20 20 20 20 20 20 20 20 20 20 20 19.6405760000000 20 20 20 20
 20 20 20 19.6405760000000 20 19.6405760000000 20 20 20 20 20 20 20 20 20 20 20 20 20 20
 20 20 20 20 20 20 20 19.6405760000000 20 20 20 20 20 20 19.6405760000000 20 20 19.6405760000000 19.3603840000000 20
 20 20 19.6405760000000 19.2811520000000 19.6405760000000 20 20 20 20 20 20 20 20 20 20 19.6405760000000 20 20 20 19.6405760000000
 20 20 20 19.6405760000000 20 20 19.2811520000000 20 20 20 20 20 20 20 20 20 18.5623040000000 18.5623040000000 18.9217280000000 20
 19.2811520000000 19.6405760000000 20 18.6415360000000 20 20 20 20 19.2811520000000 20 20 18.9217280000000 19.6405760000000 20 20 20 19.6405760000000 20 20 20
