# name: fitnesses
# type: matrix
# rows: 9
# columns: 20
 64 64 64 64 64 64 64 64 64 64 64 64 64 64 64 64 64 64 64 64
 64 64 64 64 64 64 64 64 64 64 64 64 64 64 64 64 64 64 64 64
 64 64 64 64 64 64 64 64 64 64 64 64 64 64 64 64 64 64 64 64
 64 64 64 64 64 64 64 64 64 64 64 64 64 64 64 64 64 64 64 64
 64 64 64 64 64 64 64 64 64 64 64 64 64 64 64 64 64 64 64 64
 64 64 64 64 64 64 64 64 64 64 64 64 64 64 64 64 64 64 64 64
 64 64 64 64 64 64 64 64 64 64 64 64 64 64 64 64 64 64 64 64
 64 64 64 64 64 64 64 64 64 64 64 64 64 64 64 64 64 64 64 64
 64 64 64 64 64 64 64 64 64 64 64 64 64 64 64 64 64 64 64 64
