# name: fitnesses
# type: matrix
# rows: 7
# columns: 20
 249985 249985 249985 249985 249985 249985 249985 249985 249985 249985 249985 249985 249985 249985 249985 249985 249985 249985 249985 249985
 249985 249985 249985 249985 249985 249985 249985 249985 249985 249985 249985 249985 249985 249985 249985 249985 250048 249985 249985 249985
 249985 249985 249985 249985 249985 249985 249985 249985 249985 249985 249985 249985 249985 249985 249985 249985 249985 249985 249985 249985
 249985 249985 249985 249985 249985 249985 249985 249985 249985 249985 249985 249985 249985 249985 249985 249985 249985 249985 249985 249985
 249985 249985 249985 249985 249985 249985 249985 249985 249985 249985 249985 249985 249985 249985 249985 249985 249985 249985 249985 249985
 249985 249985 249985 249985 249985 249985 249985 249985 249985 249985 249985 249985 249985 249621 249985 249985 249985 249985 249985 249985
 249985 249985 249985 249985 249985 249985 249985 249985 249985 249985 249985 249985 249985 249985 249985 249985 249985 249985 249985 249985
